##Introduction
A basic quantum chemical program written in python using the numpy and scipy library and is currently at the very beginnings. My time is tight as I try to balance this between my job and real-life so development may go slowly.

Currently I'm looking to write HF in python and then to more accurate methods such as CI, CCSD and DFT. After this project is complete I may try out other languages such as Fortran, C, C++, Java, C# or even Haskell if I have the time.

I'm basing this work on Attlia Szabo and Neil S. Ostlunds "Modern Quantum Chemistry: Introduction to Advanced Electronic Structure Theory". It is a old but well written book, and is by far the best introduction to the computational chemistry I have read. The only other textbook that comes close to this is probably Robert G. Parr and Weitao Yangs "Density Functional Theory of Atoms and Molecules". After this I intend to check out David B. Cooks "Handbook of Computational Chemistry" which appears to be quite in depth.

I must apologies for the bad/ugly code, I'm going to try refactor the code sometime in future and begin developing properly when I get more comfortable with writing and unit testing in python.

##Calculation of HeH<sup>+</sup> in STO-3G
Completed my first calculation of HeH<sup>+</sup> with a bond-length of 1.4632 a<sub>0</sub> using the STO-3G basis set. Below is the output from Spartan Student Edition v5,

    SCF model:
     A restricted Hartree-Fock SCF calculation will be
     performed using Pulay DIIS + Geometric Direct Minimization
    
     SCF total energy:      -2.8418365 hartrees
    
      Reason for exit: Successful completion 
      Quantum Calculation CPU Time :          .39
      Quantum Calculation Wall Time:         2.85

and the output from my program,
  
    ORBITAL COEFFICIENTS
    [[-0.87660574  0.79774813]
     [-0.20247895 -1.16783645]]
    
    TOTAL ENERGY: -2.841836483 a.u.
    
    
    Time Taken: 0.10287352007652968s

##Calculation of HeH<sup>+</sup> in 3-21G

    SCF model:
     A restricted Hartree-Fock SCF calculation will be
     performed using Pulay DIIS + Geometric Direct Minimization
    
     SCF total energy:      -2.8873832 hartrees
    
      Reason for exit: Successful completion 
      Quantum Calculation CPU Time :          .58
      Quantum Calculation Wall Time:         1.28

and from my program,
    
    ORBITAL COEFFICIENTS
    [[-0.46642939  0.20194962 -0.02511278  1.1790321 ]
     [-0.52693222  0.77891794  0.0516036  -1.43875342]
     [-0.20335162 -0.33518808 -1.25188022 -0.06982107]
     [-0.0198215  -1.07250037  1.07697412  0.59541063]]
    
    SCF ENERGY: -4.254254337971538 a.u.
    TOTAL NUCLEAR REPULSION ENERGY: 1.36686714051 a.u.
    TOTAL ENERGY: -2.88738719746 a.u.

##Calculation of HeH<sup>+</sup> in 6-311+G**
Able to run calculations for all types of orbitals now, below shows the HeH+ molecule using the 6-311+G basis set which contains polarization functions for H and He. Some slight differences between Spartan and my program possibly due to symmetry arguments used in Spartan. The coefficients in my program for the p<sub>x</sub> and p<sub>y</sub> are non-zero. This calculation in particular takes ~4100 times longer then Spartan and has a lot of inefficiencies that need sorting out. 
        
        SPARTAN STUDENT Quantum Mechanics Program:  (PC/x86)   Release  5.0.0v4
    
    Job type: Single point.
    Method: RHF
    Basis set: 6-311+G**
    Number of shells: 8
    Number of basis functions: 12
    Charge :     +1 
    Multiplicity: 1
    
    SCF model:
     A restricted Hartree-Fock SCF calculation will be
     performed using Pulay DIIS + Geometric Direct Minimization
    
     SCF total energy:      -2.9292278 hartrees
    
      Reason for exit: Successful completion 
      Quantum Calculation CPU Time :          .36
      Quantum Calculation Wall Time:          .42
    
    SPARTAN STUDENT Properties Program:  (PC/x86)                  Release  5.0.0  
      Use of molecular symmetry enabled
    
                         Cartesian Coordinates (Angstroms)
           Atom            X             Y             Z     
        ---------    ------------- ------------- -------------
    
      1 He He1          0.0000000     0.0000000     0.2580967
      2 H  H2           0.0000000     0.0000000    -0.5161934
    
      Point Group = CIV Order =  1 Nsymop =  5
    
      Closed-Shell Molecular Orbital Coefficients
      MO:                   1          2          3          4          5    
      Eigenvalues:      -1.63348   -0.26340    0.00717    0.51943    0.73352
              (ev)     -44.44922   -7.16735    0.19506   14.13428   19.96021
    
                           A1         A1         A1         A1         E1x    
       1 He1   S         0.25858   -0.11142   -0.00273   -0.15042    0.00000
       2 He1   S'        0.48928   -0.21808    0.02545   -1.02708    0.00000
       3 He1   S"        0.23234   -0.77157    0.37426    2.19847    0.00000
       4 He1   PX        0.00000    0.00000    0.00000    0.00000    0.61780
       5 He1   PY        0.00000    0.00000    0.00000    0.00000    0.00000
       6 He1   PZ       -0.03666   -0.01140   -0.02567   -0.18596    0.00000
       7 H2    S         0.12788    0.17096   -0.13705    0.08557    0.00000
       8 H2    S'        0.11737    0.59194   -1.39013   -0.17403    0.00000
       9 H2    S"       -0.01494    0.81277    1.34904   -1.00788    0.00000
      10 H2    PX        0.00000    0.00000    0.00000    0.00000    0.55682
      11 H2    PY        0.00000    0.00000    0.00000    0.00000    0.00000
      12 H2    PZ        0.03386   -0.00708   -0.08120   -0.27526    0.00000
      MO:                   6          7          8          9         10    
      Eigenvalues:       0.73352    1.24984    1.49540    1.49540    1.79599
              (ev)      19.96021   34.00979   40.69199   40.69199   48.87150
    
                           E1y        A1         E1x        E1y        A1     
       1 He1   S         0.00000    0.03722    0.00000    0.00000   -0.00357
       2 He1   S'        0.00000    0.14439    0.00000    0.00000   -1.11642
       3 He1   S"        0.00000   -0.53891    0.00000    0.00000   -0.54953
       4 He1   PX        0.00000    0.00000   -0.93246    0.00000    0.00000
       5 He1   PY        0.61780    0.00000    0.00000   -0.93246    0.00000
       6 He1   PZ        0.00000    0.97627    0.00000    0.00000    0.73179
       7 H2    S         0.00000   -0.37178    0.00000    0.00000   -0.99342
       8 H2    S'        0.00000    1.50195    0.00000    0.00000    2.61899
       9 H2    S"        0.00000   -0.52957    0.00000    0.00000   -0.66424
      10 H2    PX        0.00000    0.00000    0.97011    0.00000    0.00000
      11 H2    PY        0.55682    0.00000    0.00000    0.97011    0.00000
      12 H2    PZ        0.00000   -0.24309    0.00000    0.00000    1.41949
      MO:                  11         12    
      Eigenvalues:       2.63499    6.32407
              (ev)      71.70167  172.08679
    
                           A1         A1     
       1 He1   S        -0.15831    1.50919
       2 He1   S'       -0.83288   -2.39836
       3 He1   S"       -1.23816    0.54728
       4 He1   PX        0.00000    0.00000
       5 He1   PY        0.00000    0.00000
       6 He1   PZ        1.76790    0.65768
       7 H2    S         1.21322    0.33605
       8 H2    S'        0.96289    0.75430
       9 H2    S"        0.28477   -0.34835
      10 H2    PX        0.00000    0.00000
      11 H2    PY        0.00000    0.00000
      12 H2    PZ        1.62046    0.74519
       
       
    
      Reason for exit: Successful completion 
      Properties CPU Time :          .23
      Properties Wall Time:          .21
  
and from my program,  

    ----------ITERATION: 10----------
    
    ORBITAL ENERGY EIGENVALUES
    [[ -1.64921669e+00   0.00000000e+00   0.00000000e+00   0.00000000e+00   0.00000000e+00   0.00000000e+00   0.00000000e+00   0.00000000e+00   0.00000000e+00   0.00000000e+00   0.00000000e+00   0.00000000e+00]
     [  0.00000000e+00  -2.71187208e-01   0.00000000e+00   0.00000000e+00   0.00000000e+00   0.00000000e+00   0.00000000e+00   0.00000000e+00   0.00000000e+00   0.00000000e+00   0.00000000e+00   0.00000000e+00]
     [  0.00000000e+00   0.00000000e+00   3.40519570e-03   0.00000000e+00   0.00000000e+00   0.00000000e+00   0.00000000e+00   0.00000000e+00   0.00000000e+00   0.00000000e+00   0.00000000e+00   0.00000000e+00]
     [  0.00000000e+00   0.00000000e+00   0.00000000e+00   1.86914843e-01   0.00000000e+00   0.00000000e+00   0.00000000e+00   0.00000000e+00   0.00000000e+00   0.00000000e+00   0.00000000e+00   0.00000000e+00]
     [  0.00000000e+00   0.00000000e+00   0.00000000e+00   0.00000000e+00   5.29058689e-01   0.00000000e+00   0.00000000e+00   0.00000000e+00   0.00000000e+00   0.00000000e+00   0.00000000e+00   0.00000000e+00]
     [  0.00000000e+00   0.00000000e+00   0.00000000e+00   0.00000000e+00   0.00000000e+00   9.79893045e-01   0.00000000e+00   0.00000000e+00   0.00000000e+00   0.00000000e+00   0.00000000e+00   0.00000000e+00]
     [  0.00000000e+00   0.00000000e+00   0.00000000e+00   0.00000000e+00   0.00000000e+00   0.00000000e+00   1.23028118e+00   0.00000000e+00   0.00000000e+00   0.00000000e+00   0.00000000e+00   0.00000000e+00]
     [  0.00000000e+00   0.00000000e+00   0.00000000e+00   0.00000000e+00   0.00000000e+00   0.00000000e+00   0.00000000e+00   1.28961660e+00   0.00000000e+00   0.00000000e+00   0.00000000e+00   0.00000000e+00]
     [  0.00000000e+00   0.00000000e+00   0.00000000e+00   0.00000000e+00   0.00000000e+00   0.00000000e+00   0.00000000e+00   0.00000000e+00   1.75108230e+00   0.00000000e+00   0.00000000e+00   0.00000000e+00]
     [  0.00000000e+00   0.00000000e+00   0.00000000e+00   0.00000000e+00   0.00000000e+00   0.00000000e+00   0.00000000e+00   0.00000000e+00   0.00000000e+00   1.97351326e+00   0.00000000e+00   0.00000000e+00]
     [  0.00000000e+00   0.00000000e+00   0.00000000e+00   0.00000000e+00   0.00000000e+00   0.00000000e+00   0.00000000e+00   0.00000000e+00   0.00000000e+00   0.00000000e+00   2.74527313e+00   0.00000000e+00]
     [  0.00000000e+00   0.00000000e+00   0.00000000e+00   0.00000000e+00   0.00000000e+00   0.00000000e+00   0.00000000e+00   0.00000000e+00   0.00000000e+00   0.00000000e+00   0.00000000e+00   6.50916554e+00]]
    
    ORBITAL COEFFICIENTS
    [[  2.63481506e-01   1.12479075e-01  -1.20571526e-04   1.88363508e-16   1.44681044e-01   2.85035189e-16   1.10912593e-16  -3.02463801e-02   3.19678463e-02   2.61106286e-17  -2.31431398e-01   1.47907985e+00]
     [  4.26504501e-01   3.05601619e-01   9.65873016e-02   6.16283376e-16   1.12845614e+00   1.49576850e-15   1.09005084e-16  -5.02091154e-01   1.04352966e+00   6.35854546e-15  -8.39516806e-01  -2.51084625e+00]
     [  1.37701553e-01   8.73943013e-01   4.57218252e-01  -1.61945826e-15  -2.09660548e+00  -3.90189548e-16  -7.49354903e-16   1.48952296e-01   3.95014849e-01   2.45017993e-15  -1.20270797e+00   3.75285575e-01]
     [ -1.56940365e-18  -1.48884808e-16   2.65480020e-16  -7.84175575e-02  -5.73685877e-17   4.96692197e-01  -7.54293146e-01   1.05902840e-15   3.47106475e-15  -8.45524412e-01   2.53634247e-16  -3.66656050e-16]
     [  1.54438820e-17   1.71038323e-17  -1.54544222e-16  -2.94745857e-01  -1.08669815e-16   6.00117009e-01   2.17364589e-01   3.33905989e-16  -3.15091452e-15   6.84932245e-01   1.32393489e-15   2.34360464e-16]
     [  8.06453408e-02  -1.10763444e-01  -1.24726718e-01   2.62528748e-16   7.94628923e-03  -1.38693907e-15   8.94015602e-16  -4.73921259e-01  -4.20211773e-01  -2.63032594e-15   1.69059375e+00   8.69284120e-01]
     [  1.48319658e-01  -1.76417540e-01  -1.36235861e-01   5.53041438e-17  -8.84299529e-02  -2.65477818e-16  -9.87455250e-16   2.80173738e-01   9.98818598e-01   6.25881526e-15   1.23303961e+00   4.17988539e-01]
     [  2.66429466e-01  -7.85176383e-01  -1.52388774e+00   1.04089835e-15  -2.25450185e-02  -1.64174347e-15   2.22689054e-15  -6.08096702e-01  -2.32867555e+00  -1.46369686e-14   8.90762090e-01   9.71138964e-01]
     [ -3.13736792e-02  -7.66802433e-01   1.36289684e+00  -6.50687563e-16   1.02035294e+00   7.78209757e-16  -6.63381812e-16   3.89502837e-01   6.18704639e-01   4.04866724e-15   2.87515883e-01  -3.49303995e-01]
     [  6.72750701e-17  -5.99784668e-17   1.45542516e-16  -7.65231505e-02   1.06620058e-16  -4.74186239e-01  -7.42072470e-01   7.95735515e-16  -4.39003216e-15   8.70365432e-01  -8.20181172e-16   4.23436503e-16]
     [ -3.00352755e-17   4.98259286e-17  -1.26154546e-16  -2.88611826e-01   1.77710956e-16  -6.08782239e-01   1.80018721e-01  -9.27041255e-16   3.59940620e-15  -6.92279393e-01  -1.04677445e-15  -2.30040345e-16]
     [  1.32515709e-01  -1.12898464e-01  -1.85943619e-01   5.58675994e-16   1.33075709e-01  -1.21488357e-15  -3.38669783e-16   8.50440616e-01  -1.30100417e+00  -7.56446868e-15   1.55245479e+00   9.42937494e-01]]
    
    DENSITY MATRIX
    [[  1.38845008e-01   2.24752096e-01   7.25636254e-02  -8.27017677e-19   8.13835456e-18   4.24971117e-02   7.81589737e-02   1.40398474e-01  -1.65327685e-02   3.54514736e-17  -1.58274792e-17   6.98308773e-02]
     [  2.24752096e-01   3.63812178e-01   1.17460665e-01  -1.33871544e-18   1.31737703e-17   6.87912016e-02   1.26518003e-01   2.27266733e-01  -2.67620308e-02   5.73862404e-17  -2.56203603e-17   1.13037093e-01]
     [  7.25636254e-02   1.17460665e-01   3.79234356e-02  -4.32218642e-19   4.25329307e-18   2.22099774e-02   4.08476946e-02   7.33755027e-02  -8.64040873e-03   1.85277633e-17  -8.27180818e-18   3.64952380e-02]
     [ -8.27017677e-19  -1.33871544e-18  -4.32218642e-19   4.92605566e-36  -4.84753696e-35  -2.53130185e-19  -4.65546826e-19  -8.36270755e-19   9.84759337e-20  -2.11163482e-34   9.42749422e-35  -4.15941277e-19]
     [  8.13835456e-18   1.31737703e-17   4.25329307e-18  -4.84753696e-35   4.77026980e-34   2.49095425e-18   4.58126258e-18   8.22941045e-18  -9.69062797e-19   2.07797648e-33  -9.27722498e-34   4.09311394e-18]
     [  4.24971117e-02   6.87912016e-02   2.22099774e-02  -2.53130185e-19   2.49095425e-18   1.30073420e-02   2.39225787e-02   4.29725901e-02  -5.06028210e-03   1.08508419e-17  -4.84441005e-18   2.13735491e-02]
     [  7.81589737e-02   1.26518003e-01   4.08476946e-02  -4.65546826e-19   4.58126258e-18   2.39225787e-02   4.39974419e-02   7.90334545e-02  -9.30666674e-03   1.99564308e-17  -8.90964357e-18   3.93093693e-02]
     [  1.40398474e-01   2.27266733e-01   7.33755027e-02  -8.36270755e-19   8.22941045e-18   4.29725901e-02   7.90334545e-02   1.41969321e-01  -1.67177452e-02   3.58481220e-17  -1.60045648e-17   7.06121793e-02]
     [ -1.65327685e-02  -2.67620308e-02  -8.64040873e-03   9.84759337e-20  -9.69062797e-19  -5.06028210e-03  -9.30666674e-03  -1.67177452e-02   1.96861550e-03  -4.22133294e-18   1.88463420e-18  -8.31501071e-03]
     [  3.54514736e-17   5.73862404e-17   1.85277633e-17  -2.11163482e-34   2.07797648e-33   1.08508419e-17   1.99564308e-17   3.58481220e-17  -4.22133294e-18   9.05187012e-33  -4.04125053e-33   1.78300073e-17]
     [ -1.58274792e-17  -2.56203603e-17  -8.27180818e-18   9.42749422e-35  -9.27722498e-34  -4.84441005e-18  -8.90964357e-18  -1.60045648e-17   1.88463420e-18  -4.04125053e-33   1.80423554e-33  -7.96029166e-18]
     [  6.98308773e-02   1.13037093e-01   3.64952380e-02  -4.15941277e-19   4.09311394e-18   2.13735491e-02   3.93093693e-02   7.06121793e-02  -8.31501071e-03   1.78300073e-17  -7.96029166e-18   3.51208264e-02]]
    
    FOCK MATRIX
    [[  7.05544200e-01  -1.66433061e+00  -1.31422788e+00  -1.20630897e-17  -1.45198084e-18  -1.24774088e-01  -6.61321614e-01  -9.25203413e-01  -6.92616704e-01  -2.64077619e-17   8.67815888e-18  -1.02285511e+00]
     [ -1.64257933e+00  -1.26794303e+00  -1.18543154e+00  -9.57453922e-18  -9.04046494e-19   1.34404465e-02  -7.86307120e-01  -9.63377866e-01  -7.56949431e-01  -3.17119135e-17   1.15314349e-17  -6.59299354e-01]
     [ -1.30006457e+00  -1.18225045e+00  -9.39384334e-01  -6.11421505e-18  -3.81984418e-19   1.14038827e-01  -7.25550583e-01  -8.40832587e-01  -6.78922633e-01  -2.31651483e-17   9.21517912e-18  -5.59132182e-01]
     [ -1.20392925e-17  -9.52805670e-18  -5.92921920e-18   9.13055281e-01  -7.40570842e-35   6.46198444e-18  -8.40443495e-18  -7.07601812e-18  -4.25652140e-18   1.06003830e-01   3.40012251e-34   3.34804820e-18]
     [ -1.49216746e-18  -1.06972709e-18  -5.80217804e-19  -7.40570842e-35   9.13055281e-01  -4.71808789e-18   4.94085546e-19   7.42125008e-20  -1.06039020e-19  -2.35118694e-35   1.06003830e-01  -3.72154837e-18]
     [  1.61576335e-01   2.02433035e-01   1.92763938e-01   6.48896976e-18  -1.83883818e-18   7.31007175e-01   2.36834743e-01   2.10151653e-01   1.79172994e-01   2.28511776e-18  -3.18320142e-18  -5.02123021e-01]
     [ -6.66305967e-01  -7.88300178e-01  -7.17197609e-01  -8.72664161e-18   5.96091809e-19   2.72730642e-01  -3.60842533e-02  -7.84847009e-01  -5.96441074e-01  -1.71214680e-17   7.58956755e-18  -2.60827699e-01]
     [ -9.27861660e-01  -9.70010454e-01  -8.42125112e-01  -7.60706746e-18   2.71752458e-19   2.09184299e-01  -8.04347459e-01  -8.05608060e-01  -6.70054651e-01  -1.82587034e-17   8.34893350e-18  -4.31887904e-01]
     [ -6.90634624e-01  -7.59530344e-01  -6.80721943e-01  -4.58238053e-18   4.35243190e-20   1.63640379e-01  -6.10019820e-01  -6.73097739e-01  -5.57407977e-01  -1.33651243e-17   5.85918095e-18  -3.09269252e-01]
     [ -2.63253617e-17  -3.11548433e-17  -2.18347789e-17   1.05160922e-01  -2.35118694e-35   7.36521394e-18  -1.56877718e-17  -1.56999696e-17  -1.16475379e-17   9.28165800e-01   8.63182950e-34  -3.16461314e-18]
     [  8.63011196e-18   1.12748996e-17   8.67332319e-18   3.40012251e-34   1.05160922e-01  -5.50365449e-18   7.01940199e-18   7.34393875e-18   5.18407089e-18   8.63182950e-34   9.28165800e-01   3.80992446e-19]
     [ -1.02965671e+00  -6.93860780e-01  -5.93884936e-01  -1.43714062e-18  -1.70176004e-18  -4.77639228e-01  -3.98250370e-01  -5.04007187e-01  -3.40356175e-01  -2.10638532e-17   7.49106970e-18   4.26946341e-01]]
    
    SCF ENERGY: -4.2975088803999295 a.u.
    TOTAL NUCLEAR REPULSION ENERGY: 1.36687066232 a.u.
    TOTAL ENERGY: -2.93063821808 a.u.
    
    *********************************************************************************************************
    
    Time Taken: 948.2595992200748s
    
    What I cannot create I cannot understand - Richard Feynman